cell_number,pixel_count,fate,channel_0,channel_1,channel_2,channel_3
1,96,Unlabelled,228.21875,176.96875,39.270833333333336,137.94791666666666
2,141,Unlabelled,230.17730496453902,174.88652482269504,40.50354609929078,130.9787234042553
3,82,Unlabelled,231.17073170731706,178.9512195121951,46.426829268292686,137.4878048780488
4,340,Unlabelled,231.54117647058823,176.92352941176472,42.97352941176471,136.34117647058824
5,136,Unlabelled,236.73529411764707,187.26470588235293,46.88970588235294,147.76470588235293
6,505,Unlabelled,232.92673267326734,180.8039603960396,43.08910891089109,140.3980198019802
7,162,Unlabelled,224.14197530864197,198.7469135802469,47.80864197530864,165.77777777777777
8,301,Unlabelled,235.4451827242525,193.27906976744185,51.96013289036545,150.61461794019934
9,138,Unlabelled,224.2536231884058,176.6014492753623,52.84782608695652,131.13768115942028
10,174,Unlabelled,234.80459770114942,187.86206896551724,44.36206896551724,150.79310344827587
11,154,Unlabelled,225.69480519480518,172.64935064935065,43.73376623376623,131.42207792207793
12,97,Unlabelled,231.37113402061857,181.8659793814433,40.94845360824742,124.90721649484536
13,328,Unlabelled,229.6829268292683,180.72256097560975,45.298780487804876,140.03963414634146
14,144,Unlabelled,233.8125,180.14583333333334,36.375,139.90972222222223
15,298,Unlabelled,234.5503355704698,183.3758389261745,44.01677852348993,145.3523489932886
16,114,Unlabelled,232.4298245614035,188.83333333333334,52.13157894736842,151.43859649122808
17,113,Unlabelled,230.3716814159292,168.76991150442478,34.93805309734513,133.7433628318584
18,117,Unlabelled,227.4017094017094,180.5811965811966,41.717948717948715,136.33333333333334
19,192,Unlabelled,238.25520833333334,188.359375,46.671875,141.30208333333334
20,222,Unlabelled,231.43243243243242,182.66216216216216,47.950450450450454,148.9099099099099
21,107,Unlabelled,230.77570093457945,185.3177570093458,39.48598130841121,149.52336448598132
22,131,Unlabelled,230.74045801526717,183.95419847328245,44.541984732824424,151.70229007633588
23,176,Unlabelled,235.88636363636363,192.0,47.86363636363637,145.17045454545453
24,717,Unlabelled,233.00557880055788,179.55509065550908,76.27754532775454,133.98465829846583
25,106,Unlabelled,226.83962264150944,176.9245283018868,41.613207547169814,128.9811320754717
26,48,Unlabelled,229.1875,175.35416666666666,38.1875,133.91666666666666
27,145,Unlabelled,231.11724137931034,168.35862068965517,39.737931034482756,123.67586206896551
28,288,Unlabelled,219.73611111111111,154.08333333333334,38.12847222222222,106.54861111111111
29,275,Unlabelled,228.28363636363636,189.59272727272727,39.06545454545454,150.32
30,411,Unlabelled,228.38686131386862,174.1508515815085,44.360097323600975,124.78102189781022
31,160,Unlabelled,227.95,178.8375,43.40625,134.5625
32,323,Unlabelled,232.1764705882353,190.27863777089783,49.978328173374614,143.75541795665634
33,125,Unlabelled,227.552,180.448,37.224,138.8
34,523,Unlabelled,228.1491395793499,177.05927342256214,41.397705544933075,136.282982791587
35,134,Unlabelled,228.8134328358209,179.66417910447763,36.5,143.47761194029852
36,229,Unlabelled,231.2183406113537,179.72489082969432,40.79475982532751,135.4061135371179
37,167,Unlabelled,238.32335329341316,172.01796407185628,54.9940119760479,118.51497005988024
38,143,Unlabelled,238.34965034965035,191.28671328671328,63.67832167832168,144.78321678321677
39,187,Unlabelled,232.84491978609626,180.24598930481284,45.0427807486631,140.90374331550802
40,190,Unlabelled,227.2263157894737,176.07894736842104,51.72631578947368,131.95263157894738
41,271,Unlabelled,237.0258302583026,184.1180811808118,43.76752767527675,140.51660516605165
42,186,Unlabelled,231.27956989247312,186.01612903225808,51.16129032258065,141.67741935483872
43,203,Unlabelled,233.91625615763547,178.935960591133,48.689655172413794,133.45320197044336
44,33,Unlabelled,221.42424242424244,183.93939393939394,43.54545454545455,141.1818181818182
45,45,Unlabelled,236.33333333333334,143.0222222222222,79.8,109.35555555555555
46,277,Unlabelled,224.71480144404333,144.40794223826714,69.61010830324909,104.63176895306859
47,248,Unlabelled,229.59677419354838,182.34274193548387,47.05241935483871,146.0
48,247,Unlabelled,232.4493927125506,179.23076923076923,39.27935222672065,142.04858299595142
49,139,Unlabelled,238.50359712230215,181.0431654676259,45.44604316546763,139.1294964028777
50,245,Unlabelled,237.2734693877551,186.28979591836736,47.453061224489794,138.16734693877552
51,379,Unlabelled,227.92612137203167,167.3245382585752,39.3509234828496,133.3905013192612
52,357,Unlabelled,232.10084033613447,183.94957983193277,44.13165266106443,138.7058823529412
53,79,Unlabelled,237.0506329113924,181.68354430379748,41.9873417721519,142.9873417721519
54,158,Unlabelled,225.59493670886076,176.4746835443038,46.29746835443038,139.21518987341773
55,104,Unlabelled,236.10576923076923,187.85576923076923,42.56730769230769,141.82692307692307
56,155,Unlabelled,226.41935483870967,168.2516129032258,37.69032258064516,132.07096774193548
57,283,Unlabelled,230.4452296819788,180.9505300353357,44.1660777385159,144.56183745583039
58,127,Unlabelled,230.35433070866142,181.46456692913387,41.811023622047244,141.56692913385828
59,163,Unlabelled,233.2085889570552,180.08588957055215,38.515337423312886,147.13496932515338
60,360,Unlabelled,224.7888888888889,169.66944444444445,43.38055555555555,133.7888888888889
61,88,Unlabelled,224.3409090909091,172.76136363636363,41.15909090909091,142.2840909090909
62,287,Unlabelled,234.90592334494772,164.1951219512195,42.97212543554007,123.53658536585365
63,243,Unlabelled,213.89300411522635,162.37860082304528,35.36625514403292,128.40740740740742
64,232,Unlabelled,231.44827586206895,189.25,47.72844827586207,152.21120689655172
65,249,Unlabelled,237.82329317269077,194.69477911646587,46.273092369477915,153.0562248995984
66,270,Unlabelled,224.65185185185186,172.12222222222223,42.05555555555556,131.8074074074074
67,127,Unlabelled,226.76377952755905,168.08661417322836,43.574803149606296,128.5984251968504
68,425,Unlabelled,228.21411764705883,141.67529411764707,33.47529411764706,108.85882352941177
69,378,Unlabelled,231.02380952380952,178.45767195767195,48.91005291005291,135.5026455026455
70,519,Unlabelled,228.1387283236994,175.63969171483623,39.65510597302505,142.08670520231215
71,161,Unlabelled,211.75155279503105,174.08074534161491,39.92546583850932,146.6086956521739
72,567,Unlabelled,223.86243386243387,174.09171075837742,42.25396825396825,133.005291005291
73,289,Unlabelled,223.3840830449827,180.89965397923876,43.719723183391004,142.04498269896195
74,81,Unlabelled,227.2469135802469,194.64197530864197,49.96296296296296,160.66666666666666
75,238,Unlabelled,232.23529411764707,167.99579831932772,40.48739495798319,128.7016806722689
76,207,Unlabelled,237.33816425120773,181.81159420289856,44.468599033816425,137.743961352657
77,107,Unlabelled,227.25233644859813,170.09345794392524,40.149532710280376,134.9626168224299
78,199,Unlabelled,225.42211055276383,154.0603015075377,37.321608040201006,116.98994974874371
79,98,Unlabelled,226.07142857142858,186.0612244897959,43.785714285714285,152.41836734693877
80,480,Unlabelled,220.12916666666666,176.92291666666668,42.00416666666667,137.24583333333334
81,413,Unlabelled,233.99757869249396,184.49394673123487,42.05084745762712,149.47941888619854
82,228,Unlabelled,233.51315789473685,191.8640350877193,50.94736842105263,153.8859649122807
83,172,Unlabelled,228.96511627906978,166.8546511627907,35.354651162790695,129.55232558139534
84,210,Unlabelled,230.25238095238095,166.6095238095238,40.576190476190476,127.28571428571429
85,161,Unlabelled,224.83229813664596,192.24223602484471,43.24223602484472,158.85714285714286
86,84,Unlabelled,229.02380952380952,179.29761904761904,44.54761904761905,138.75
87,258,Unlabelled,234.71317829457365,182.1046511627907,56.56201550387597,136.91472868217053
88,218,Unlabelled,222.61926605504587,179.6422018348624,46.30275229357798,140.45871559633028
89,271,Unlabelled,233.04059040590406,180.48339483394835,39.40221402214022,145.59409594095942
90,446,Unlabelled,228.78923766816143,178.7982062780269,47.97982062780269,133.64798206278027
91,229,Unlabelled,237.2052401746725,151.84279475982532,34.777292576419214,116.68558951965065
92,143,Unlabelled,242.62937062937064,135.13986013986013,161.28671328671328,99.76923076923077
93,241,Unlabelled,232.21991701244812,189.36514522821577,48.79668049792531,159.57261410788382
94,295,Unlabelled,229.5084745762712,179.3728813559322,36.36610169491525,145.23050847457628
95,589,Unlabelled,226.79966044142614,165.44991511035653,39.6723259762309,125.55517826825127
96,85,Unlabelled,228.0705882352941,175.5529411764706,44.8235294117647,135.01176470588234
97,347,Unlabelled,229.94236311239194,183.56195965417868,46.5043227665706,148.4985590778098
98,177,Unlabelled,230.090395480226,183.1129943502825,42.52542372881356,153.3276836158192
99,139,Unlabelled,234.15827338129498,186.71223021582733,44.84172661870504,148.6546762589928
100,213,Unlabelled,234.81220657276995,185.018779342723,42.943661971830984,145.74647887323943
101,210,Unlabelled,230.27619047619046,199.71904761904761,49.714285714285715,165.52380952380952
102,316,Unlabelled,227.07911392405063,172.0253164556962,43.110759493670884,137.02848101265823
103,240,Unlabelled,233.6625,188.15416666666667,47.45,154.28333333333333
104,86,Unlabelled,233.15116279069767,196.03488372093022,47.406976744186046,161.5
105,374,Unlabelled,223.86096256684493,177.6577540106952,42.294117647058826,148.03208556149733
106,199,Unlabelled,230.1356783919598,199.40201005025125,47.36180904522613,169.28643216080403
107,149,Unlabelled,220.8724832214765,180.94630872483222,40.69798657718121,145.41610738255034
108,172,Unlabelled,235.47093023255815,189.4360465116279,44.01744186046512,164.9825581395349
109,108,Unlabelled,229.00925925925927,163.99074074074073,38.47222222222222,127.26851851851852
110,465,Unlabelled,230.32258064516128,189.27956989247312,46.2,149.66021505376344
111,66,Unlabelled,216.83333333333334,160.21212121212122,42.71212121212121,123.42424242424242
112,86,Unlabelled,223.08139534883722,160.3139534883721,37.75581395348837,132.2674418604651
113,226,Unlabelled,232.39823008849558,186.5929203539823,40.15486725663717,161.1769911504425
114,272,Unlabelled,231.84191176470588,179.70955882352942,53.345588235294116,143.77941176470588
115,190,Unlabelled,221.13684210526316,168.43684210526317,43.94210526315789,134.98947368421054
116,158,Unlabelled,225.2594936708861,160.27215189873417,48.39873417721519,119.78481012658227
117,118,Unlabelled,219.11016949152543,185.5084745762712,44.57627118644068,152.95762711864407
118,125,Unlabelled,234.424,176.16,42.88,131.424
119,434,Unlabelled,225.80184331797236,169.82258064516128,37.585253456221196,129.58064516129033
120,31,Unlabelled,248.5483870967742,133.0,205.90322580645162,89.35483870967742
121,171,Unlabelled,224.46783625730995,163.61988304093566,39.900584795321635,115.78362573099415
122,107,Unlabelled,221.66355140186917,158.80373831775702,39.018691588785046,114.11214953271028
123,24,Unlabelled,228.79166666666666,181.75,57.833333333333336,136.29166666666666
124,281,Unlabelled,223.56227758007117,175.98932384341637,40.0355871886121,136.65836298932385
125,185,Unlabelled,227.36756756756756,178.63783783783785,36.67027027027027,135.27567567567567
126,147,Unlabelled,234.00680272108843,180.46938775510205,40.136054421768705,135.9047619047619
127,104,Unlabelled,227.83653846153845,170.02884615384616,35.18269230769231,128.57692307692307
128,100,Unlabelled,230.42,184.47,61.09,137.7
129,188,Unlabelled,234.17021276595744,187.4627659574468,50.941489361702125,146.19148936170214
130,20,Unlabelled,228.5,180.65,55.0,145.95
131,188,Unlabelled,229.21808510638297,170.43617021276594,41.3936170212766,129.77659574468086
132,228,Unlabelled,221.05263157894737,187.55263157894737,45.87280701754386,145.68859649122808
133,35,Unlabelled,224.94285714285715,186.57142857142858,36.31428571428572,150.34285714285716
134,55,Unlabelled,232.3090909090909,167.94545454545454,47.78181818181818,127.49090909090908
135,23,Unlabelled,217.8695652173913,170.7391304347826,40.04347826086956,135.91304347826087
136,193,Unlabelled,218.56476683937825,176.5544041450777,53.73575129533679,135.24870466321244
137,124,Unlabelled,235.68548387096774,166.79032258064515,43.08064516129032,124.30645161290323
138,267,Unlabelled,224.14606741573033,176.48314606741573,39.146067415730336,142.92883895131087
139,28,Unlabelled,214.82142857142858,164.60714285714286,41.67857142857143,119.14285714285714
140,361,Unlabelled,229.14681440443212,172.97229916897507,46.95567867036011,126.4016620498615
141,86,Unlabelled,231.40697674418604,192.8953488372093,49.174418604651166,169.02325581395348
142,252,Unlabelled,231.35714285714286,171.64285714285714,46.5,130.11904761904762
143,188,Unlabelled,224.46808510638297,166.4787234042553,36.57446808510638,135.60638297872342
144,74,Unlabelled,229.5810810810811,140.94594594594594,33.027027027027025,99.6891891891892
145,46,Unlabelled,217.6086956521739,184.93478260869566,43.43478260869565,149.08695652173913
146,216,Unlabelled,226.0185185185185,189.0,53.074074074074076,149.18055555555554
147,284,Unlabelled,229.31690140845072,172.58802816901408,34.774647887323944,141.22535211267606
148,38,Unlabelled,232.47368421052633,187.31578947368422,41.94736842105263,152.02631578947367
149,20,Unlabelled,227.6,192.05,44.55,155.65
150,152,Unlabelled,228.7565789473684,194.08552631578948,50.41447368421053,157.3815789473684
151,184,Unlabelled,233.0923913043478,193.45652173913044,44.96195652173913,164.7173913043478
152,214,Unlabelled,229.80373831775702,177.75233644859813,43.0,136.5
153,34,Unlabelled,222.41176470588235,183.64705882352942,47.0,132.97058823529412
154,245,Unlabelled,228.74693877551022,192.24489795918367,44.95510204081633,166.63673469387754
155,97,Unlabelled,236.48453608247422,188.72164948453607,44.56701030927835,147.50515463917526
156,46,Unlabelled,218.06521739130434,172.93478260869566,35.82608695652174,149.17391304347825
157,89,Unlabelled,215.7191011235955,152.79775280898878,34.662921348314605,120.51685393258427
158,46,Unlabelled,223.32608695652175,137.7826086956522,42.65217391304348,94.52173913043478
159,91,Unlabelled,204.75824175824175,147.62637362637363,38.07692307692308,116.28571428571429
160,332,Unlabelled,228.6987951807229,171.00903614457832,45.91867469879518,134.4487951807229
161,115,Unlabelled,228.34782608695653,181.2173913043478,45.495652173913044,127.4
162,188,Unlabelled,230.43085106382978,171.49468085106383,39.223404255319146,130.36170212765958
163,43,Unlabelled,222.8372093023256,174.1627906976744,40.627906976744185,124.76744186046511
164,166,Unlabelled,221.92168674698794,172.93373493975903,35.45180722891566,141.37951807228916
165,249,Unlabelled,220.37751004016064,159.0441767068273,61.036144578313255,113.46184738955823
166,156,Unlabelled,226.96153846153845,177.98076923076923,46.03846153846154,137.4102564102564
167,69,Unlabelled,220.63768115942028,164.66666666666666,47.869565217391305,128.81159420289856
168,208,Unlabelled,220.83653846153845,182.8028846153846,45.48557692307692,146.66346153846155
169,123,Unlabelled,213.0650406504065,163.1138211382114,36.21138211382114,134.5528455284553
170,284,Unlabelled,226.55985915492957,176.95422535211267,43.485915492957744,137.69718309859155
171,24,Unlabelled,228.75,191.25,48.0,153.29166666666666
172,71,Unlabelled,219.40845070422534,166.14084507042253,45.08450704225352,136.8450704225352
173,214,Unlabelled,219.33177570093457,144.48598130841123,32.59345794392523,110.81308411214954
174,68,Unlabelled,223.77941176470588,143.60294117647058,35.338235294117645,101.22058823529412
175,179,Unlabelled,230.35195530726256,173.9608938547486,39.15642458100559,126.97206703910615
176,128,Unlabelled,223.2265625,187.625,36.4140625,148.03125
177,320,Unlabelled,216.96875,164.025,34.16875,127.765625
178,104,Unlabelled,224.25,146.06730769230768,43.72115384615385,111.58653846153847
179,18,Unlabelled,237.83333333333334,170.61111111111111,37.27777777777778,145.16666666666666
180,26,Unlabelled,232.96153846153845,192.1153846153846,47.5,150.73076923076923
181,41,Unlabelled,223.85365853658536,153.17073170731706,36.78048780487805,105.78048780487805
182,132,Unlabelled,223.0530303030303,178.88636363636363,34.621212121212125,143.1590909090909
183,17,Unlabelled,229.88235294117646,186.58823529411765,63.529411764705884,137.8235294117647
184,21,Unlabelled,228.61904761904762,134.71428571428572,38.666666666666664,100.85714285714286
185,52,Unlabelled,218.0,177.1346153846154,38.61538461538461,143.96153846153845
186,30,Unlabelled,218.0,159.33333333333334,34.666666666666664,132.9
187,47,Unlabelled,216.25531914893617,156.59574468085106,42.191489361702125,115.53191489361703
188,97,Unlabelled,220.36082474226805,151.340206185567,36.77319587628866,114.57731958762886
189,18,Unlabelled,230.0,182.27777777777777,42.0,133.27777777777777
190,40,Unlabelled,209.9,151.05,31.425,123.625
191,24,Unlabelled,226.20833333333334,163.58333333333334,32.75,123.5
192,23,Unlabelled,227.34782608695653,149.69565217391303,31.26086956521739,111.3913043478261
193,78,Unlabelled,236.56410256410257,183.56410256410257,55.833333333333336,132.12820512820514
194,20,Unlabelled,212.3,170.1,45.35,123.1
195,19,Unlabelled,227.1578947368421,177.1578947368421,45.8421052631579,134.3684210526316
196,112,Unlabelled,228.51785714285714,167.5625,34.276785714285715,133.70535714285714
197,207,Unlabelled,228.14492753623188,167.06280193236714,40.270531400966185,121.4975845410628
198,153,Unlabelled,230.75816993464053,168.71241830065358,39.3921568627451,132.67320261437908
199,91,Unlabelled,216.74725274725276,116.98901098901099,109.34065934065934,87.13186813186813
200,103,Unlabelled,222.58252427184465,178.61165048543688,35.019417475728154,150.25242718446603
201,80,Unlabelled,208.4375,156.3625,37.2625,114.2875
202,115,Unlabelled,220.02608695652174,173.9217391304348,39.93913043478261,140.19130434782608
203,170,Unlabelled,218.43529411764706,157.59411764705882,46.45882352941177,117.54117647058824
204,145,Unlabelled,229.98620689655172,183.5241379310345,47.220689655172414,148.19310344827585
205,187,Unlabelled,226.07486631016042,184.20855614973263,49.27272727272727,145.50267379679144
206,31,Unlabelled,207.0,147.09677419354838,34.41935483870968,116.48387096774194
207,101,Unlabelled,224.72277227722773,182.4851485148515,39.0990099009901,144.41584158415841
208,192,Unlabelled,212.48958333333334,147.09895833333334,34.541666666666664,117.46354166666667
209,43,Unlabelled,220.25581395348837,150.27906976744185,39.348837209302324,117.20930232558139
210,53,Unlabelled,242.66037735849056,202.39622641509433,71.86792452830188,143.39622641509433
211,79,Unlabelled,226.62025316455697,153.8860759493671,37.56962025316456,107.25316455696202
212,25,Unlabelled,227.64,196.28,53.16,154.72
213,55,Unlabelled,225.74545454545455,180.76363636363635,66.2,123.87272727272727
214,72,Unlabelled,218.09722222222223,153.66666666666666,37.84722222222222,114.81944444444444
215,26,Unlabelled,220.07692307692307,166.0,45.07692307692308,136.8846153846154
216,56,Unlabelled,207.21428571428572,167.57142857142858,32.035714285714285,143.82142857142858
217,30,Unlabelled,232.0,176.93333333333334,37.7,142.23333333333332
218,47,Unlabelled,217.38297872340425,168.2127659574468,42.808510638297875,134.5531914893617
219,63,Unlabelled,223.95238095238096,175.76190476190476,45.0,149.57142857142858
220,36,Unlabelled,226.44444444444446,100.16666666666667,63.666666666666664,85.19444444444444
221,33,Unlabelled,204.84848484848484,166.6060606060606,35.75757575757576,125.9090909090909
222,17,Unlabelled,223.94117647058823,172.7058823529412,36.94117647058823,132.7058823529412
223,15,Unlabelled,212.46666666666667,184.73333333333332,47.2,138.6
224,27,Unlabelled,223.88888888888889,170.37037037037038,39.22222222222222,112.96296296296296
225,18,Unlabelled,229.72222222222223,165.83333333333334,34.0,121.61111111111111
226,26,Unlabelled,230.80769230769232,153.65384615384616,36.30769230769231,114.5
227,68,Unlabelled,221.75,179.88235294117646,41.55882352941177,142.8235294117647
228,22,Unlabelled,226.54545454545453,163.9090909090909,44.63636363636363,126.36363636363636
229,24,Unlabelled,226.58333333333334,147.75,38.916666666666664,89.45833333333333
230,49,Unlabelled,222.81632653061226,166.0,40.204081632653065,131.0204081632653
231,46,Unlabelled,221.2826086956522,182.7173913043478,38.08695652173913,150.91304347826087
232,21,Unlabelled,223.33333333333334,167.52380952380952,38.0,136.9047619047619
233,22,Unlabelled,230.8181818181818,174.4090909090909,41.63636363636363,144.95454545454547
234,74,Unlabelled,207.3108108108108,167.05405405405406,45.28378378378378,129.72972972972974
235,50,Unlabelled,218.54,177.16,46.62,151.98
236,34,Unlabelled,213.97058823529412,161.94117647058823,34.26470588235294,133.76470588235293
237,25,Unlabelled,214.08,165.16,40.84,128.44
238,19,Unlabelled,225.42105263157896,187.57894736842104,48.421052631578945,154.52631578947367
239,52,Unlabelled,230.28846153846155,178.96153846153845,45.26923076923077,132.1153846153846
240,42,Unlabelled,220.26190476190476,166.6904761904762,42.69047619047619,131.85714285714286
241,0,Unlabelled,,,,
